2113 19630 0.038
2113 19631 0.125
2113 19501 0.189
2113 19502 0.139
2113 19503 0.149
2113 19504 0.039
2113 19505 0.039
2113 19506 0.142
2113 19507 0.133
2113 19508 0.039
2113 19509 0.039
2113 19510 0.152
2113 19511 2.044
2113 19512 0.931
2113 19513 0.073
2113 19514 0.177
2113 19515 0.474
2113 19516 0.145
2113 19517 0.16
2113 19518 0.305
2113 19519 1.878
2113 19520 0.228
2113 19521 0.176
2113 19522 0.277
2113 19523 0.225
2113 19524 0.091
2113 19525 0.338
2113 19526 0.264
2113 19527 0.191
2113 19528 0.176
2113 19529 1.821
2113 19530 0.998
2113 19531 0.956
2113 19532 0.2
2113 19533 0.244
2113 19534 1.537
2113 19535 0.248
2113 19536 0.156
2113 19537 0.383
2113 19538 1.969
2113 19539 0.516
2113 19540 0.224
2113 19541 0.436
2113 19542 0.351
2113 19543 0.204
2113 19544 0.192
2113 19545 0.287
2113 19546 0.187
2113 19547 0.087
2113 19548 0.038
2113 19601 0.042
2113 19602 0.17
2113 19603 0.153
2113 19604 0.039
2113 19605 0.437
2113 19606 2.421
2113 19607 0.257
2113 19608 0.078
2113 19609 0.169
2113 19610 1.521
2113 19611 1.91
2113 19612 0.267
2113 19613 0.105
2113 19614 0.052
2113 19615 0.124
2113 19616 0.294
2113 19617 0.385
2113 19618 0.192
2113 19619 0.17
2113 19620 0.192
2113 19621 0.292
2113 19622 0.29
2113 19623 0.174
2113 19624 0.258
2113 19625 0.197
2113 19626 1.38
2113 19627 0.295
2113 19628 0.239
2113 19629 0.047
2113 19906 2.432
2113 19907 0.266
2113 19908 0.04
2113 19632 0.152
2113 19633 0.148
2113 19634 0.164
2113 19635 0.288
2113 19636 0.29
2113 19637 0.35
2113 19638 0.188
2113 19639 0.338
2113 19640 2.668
2113 19641 0.238
2113 19642 0.235
2113 19643 0.287
2113 19644 0.43
2113 19645 0.063
2113 19646 0.038
2113 19647 0.114
2113 19648 0.159
2113 19701 0.048
2113 19702 0.04
2113 19703 0.129
2113 19704 0.149
2113 19705 0.511
2113 19706 2.372
2113 19707 0.174
2113 19708 0.158
2113 19709 0.156
2113 19710 0.486
2113 19711 0.671
2113 19712 0.161
2113 19713 0.113
2113 19714 0.036
2113 19715 0.041
2113 19716 0.236
2113 19717 0.549
2113 19718 0.235
2113 19719 0.166
2113 19720 0.284
2113 19721 0.167
2113 19722 0.162
2113 19723 0.265
2113 19724 0.129
2113 19725 0.179
2113 19726 0.236
2113 19727 0.088
2113 19728 0.236
2113 19729 0.287
2113 19730 0.167
2113 19731 0.173
2113 19732 0.309
2113 19733 0.473
2113 19734 0.232
2113 19735 0.87
2113 19736 1.326
2113 19737 0.526
2113 19738 0.388
2113 19739 0.294
2113 19740 0.262
2113 19741 0.385
2113 19742 0.364
2113 19743 0.195
2113 19744 0.567
2113 19745 0.211
2113 19746 0.094
2113 19747 0.119
2113 19748 0.223
2113 19801 0.146
2113 19802 0.096
2113 19803 0.175
2113 19804 0.179
2113 19805 0.526
2113 19806 2.433
2113 19807 0.325
2113 19808 0.102
2113 19809 0.099
2113 19810 0.668
2113 19811 0.367
2113 19812 0.057
2113 19813 0.163
2113 19814 0.051
2113 19815 0.096
2113 19816 0.108
2113 19817 0.038
2113 19818 0.129
2113 19819 0.1
2113 19820 0.039
2113 19821 0.141
2113 19822 0.08
2113 19823 0.038