2549 19501 0.139
2549 19502 0.139
2549 19503 0.455
2549 19504 0.136
2549 19505 0.141
2549 19506 0.137
2549 19507 0.138
2549 19508 0.137
2549 19509 0.138
2549 19510 0.137
2549 19511 0.138
2549 19512 0.139
2549 19513 0.137
2549 19514 0.135
2549 19515 0.134
2549 19516 0.136
2549 19517 0.133
2549 19518 0.306
2549 19519 0.147
2549 19520 0.483
2549 19521 0.377
2549 19522 0.072
2549 19523 0.071
2549 19524 0.07
2549 19525 0.072
2549 19526 0.073
2549 19527 0.296
2549 19528 0.07
2549 19529 0.336
2549 19530 0.069
2549 19531 0.412
2549 19532 0.073
2549 19533 0.344
2549 19534 0.301
2549 19535 0.273
2549 19536 0.071
2549 19537 0.072
2549 19538 0.071
2549 19539 0.071
2549 19540 0.07
2549 19541 0.071
2549 19542 0.096
2549 19543 0.135
2549 19544 0.136
2549 19545 0.135
2549 19546 0.135
2549 19547 0.137
2549 19548 0.138